2.0564,0.72516,2.2798,1.5547
